Time shown in milliseconds
26.729462
26.393308
28.651077
26.185615
28.150231
27.649308
27.367385
27.701308
28.326769
26.997308
26.820307
30.336923
28.009923
25.345462
27.218461
26.505538
26.190077
31.227692
25.978154
26.492308
27.370539
27.225769
27.091385
26.711385
26.398461
27.13377
27.990692
28.539692
27.130231
27.344307
27.660616
27.868077
27.532308
30.043077
26.704923
26.756307
28.016
27.061846
27.717231
27.641769
27.534385
26.547385
27.270462
26.695076
27.276615
27.580615
27.204846
27.830077
28.122769
26.802769
28.157615
27.757308
27.063692
28.090231
28.363154
27.633539
27.966154
26.193462
27.130076
28.176692
28.795077
27.127077
27.460077
27.990231
27.423693
28.508693
26.797231
26.953846
28.576
28.21323
28.73423
26.979692
27.859769
26.723461
28.383
27.689539
28.205231
28.522385
27.139693
26.942077
---------- ---------- ----------
Max: 31.227692
Min: 25.345462
Average: 27.532951937500002