Time shown in milliseconds
0.1285
0.1057
0.1048
0.105
0.1058
0.1052
0.1059
0.1277
0.1155
0.102
0.1016
0.102
0.1017
0.1017
0.1023
0.1021
0.1041
0.1225
0.1039
0.1019
0.1022
0.1026
0.1025
0.1024
0.1017
0.1024
0.1239
0.1014
0.1031
0.102
0.1018
0.1027
0.1018
0.1026
0.1025
0.103
0.1232
0.1021
0.1039
0.1017
0.1023
0.1024
0.1024
0.1031
0.1014
0.1232
0.1027
0.1021
0.1039
0.1018
0.1023
0.1024
0.1018
0.1025
0.1019
0.1234
0.1022
0.1021
0.103
0.1032
0.1026
0.1025
0.1026
0.1031
0.1148
0.1113
0.1029
0.1023
0.1047
0.1036
0.1062
0.1052
0.1132
0.108
0.1255
0.1075
0.1064
0.1197
0.1112
0.1056
---------- ---------- ----------
Max: 0.1285
Min: 0.1014
Average: 0.106105