Time shown in milliseconds
1.000846
0.942153
0.971308
1.005615
1.088692
0.98577
0.926461
0.834153
0.929231
0.938538
0.886461
0.897231
0.916385
0.899
0.900923
0.936
0.912692
0.978846
0.866462
0.850385
0.844384
0.88777
0.937
0.83077
0.824
0.847077
0.82423
0.825539
0.850769
0.823077
0.912308
0.833
0.825846
0.820923
0.820693
0.834461
0.800385
0.831692
0.799077
0.791077
0.839693
0.836231
0.796538
0.818077
0.824538
0.794693
0.766153
0.760615
0.764
0.763
0.782077
0.767692
0.773923
0.763307
0.767769
0.785231
0.741846
0.742154
0.753231
0.741
0.763615
0.796616
0.798154
0.793518
0.741538
0.762385
0.733846
0.738692
0.740846
0.737
0.754692
0.721846
0.712308
0.717539
0.717231
0.712692
0.741154
0.713616
0.744615
0.889153
---------- ---------- ----------
Max: 1.000846
Min: 0.712308
Average: 0.825550675