Time shown in milliseconds
15.063901
15.022
14.7631
15.0905
14.8235
16.4569
14.9919
17.2444
15.448701
14.7773
14.9987
14.8212
15.5455
14.889301
14.7783
14.718001
16.1667
15.120601
15.1952
15.913099
15.1298
14.7479
14.7395
15.3251
14.8433
14.6292
15.201
16.288799
14.8284
15.024499
14.6509
14.8779
14.7656
14.9618
14.8327
14.650101
15.688999
14.8459
16.141499
14.7263
15.4396
15.8554
15.5081
15.684199
17.0281
16.9843
14.8246
15.1656
14.9036
16.2384
15.1828
14.7392
14.8091
14.8272
14.7182
14.7104
14.801101
14.828699
14.8204
16.0111
14.6842
14.8711
14.8794
15.6576
14.754
15.447099
15.617999
14.9096
14.702801
14.8837
16.4231
14.7917
15.782301
15.7887
16.4038
15.286801
14.634201
14.951
14.7401
14.9317
---------- ---------- ----------
Max: 17.2444
Min: 14.6292
Average: 15.224362525000007