Time shown in milliseconds
73.1554
71.126
71.5905
71.1844
72.3904
71.7625
71.608
71.178
68.7472
68.1247
69.0257
70.3731
70.1149
71.0934
71.557
72.1405
72.3193
71.5598
71.1415
72.5865
71.2217
70.7215
69.9045
70.1274
69.6955
69.4051
72.4494
72.6661
73.3376
73.8305
70.1605
70.0838
69.4195
70.3469
70.8767
71.0474
72.4895
71.1517
71.4527
71.4242
71.1896
73.4303
71.8959
72.8618
68.8708
68.8736
68.0059
71.5825
67.7418
67.5116
69.8304
67.9909
70.3982
68.8363
68.641
70.6322
70.7643
69.0239
71.6247
69.3423
67.6904
69.9611
70.3815
68.0381
67.5309
68.5894
68.1835
68.3098
68.3443
67.8653
72.9502
69.5654
72.0462
69.6986
67.9298
68.9335
69.2187
69.0688
68.6584
68.3461
---------- ---------- ----------
Max: 73.8305
Min: 67.5116
Average: 70.3118625