Time shown in milliseconds
14.9158
11.2959
11.3197
11.521
12.0963
12.4074
13.3791
12.9473
11.7144
11.552
11.6647
12.1326
12.2163
11.5573
11.6475
13.5474
11.257
11.2843
11.3125
11.9536
12.659
11.8222
11.6914
12.2242
11.3266
11.1553
10.9803
11.3197
11.8045
12.0751
12.7249
12.3849
12.3159
12.3631
13.3282
12.6671
12.377
12.6847
12.4675
12.7288
12.4237
13.9695
13.5366
13.0501
17.5125
11.5061
11.6671
11.3245
11.7495
12.0185
13.0569
11.2815
11.1904
11.2917
11.8993
12.4196
11.8535
11.5407
11.4243
11.7269
13.045
12.1978
11.5148
12.0656
12.4075
11.4929
11.1496
11.1662
11.9371
12.1923
11.544
12.1243
12.3745
11.2062
11.2003
11.2378
11.8719
12.18
11.465
12.1364
---------- ---------- ----------
Max: 17.5125
Min: 10.9803
Average: 12.097182499999999