Time shown in milliseconds
14.7991
14.7267
14.7275
14.9549
15.0765
14.8151
14.7667
14.9109
15.8829
14.7881
15.2509
14.8586
14.8774
14.6847
15.3235
15.5104
14.5906
14.66
15.9972
14.7191
14.6329
15.2125
15.5847
16.3041
15.1235
14.7898
14.7952
15.9837
14.7698
14.7121
14.7627
15.0284
14.7932
14.5641
14.543
14.7566
15.9834
14.7742
14.7035
14.6573
14.536
14.5414
14.6806
14.8231
14.5147
14.6946
15.9747
14.567
14.6069
15.4763
15.3181
14.9574
15.1022
15.2125
15.1279
16.1982
15.5104
14.7409
14.6462
14.9035
14.7767
14.8879
14.7755
14.9264
16.1224
14.6803
14.4448
14.6814
14.6052
14.5865
14.597
14.3847
14.4221
14.3627
15.8515
14.2026
14.4532
14.3603
14.2436
14.9523
---------- ---------- ----------
Max: 16.3041
Min: 14.2026
Average: 14.935564999999993