Time shown in milliseconds
0.0986
0.1059
0.099
0.0989
0.0991
0.0989
0.1011
0.0986
0.0991
0.0994
0.0999
0.1275
0.0996
0.0985
0.0989
0.0997
0.1044
0.0991
0.0988
0.0988
0.1178
0.1184
0.0997
0.0988
0.0987
0.0987
0.103
0.098
0.0989
0.0992
0.1105
0.0996
0.0984
0.0985
0.0988
0.0989
0.1014
0.0989
0.0996
0.0989
0.1171
0.0997
0.0985
0.0987
0.0986
0.1008
0.1022
0.0991
0.0995
0.0992
0.1042
0.1003
0.0987
0.0982
0.1298
0.1012
0.1011
0.0999
0.1062
0.118
0.0997
0.0981
0.0982
0.0987
0.0987
0.0983
0.1016
0.0984
0.0989
0.1049
0.0986
0.0989
0.0993
0.0983
0.0996
0.0995
0.0996
0.0989
0.0988
0.125
---------- ---------- ----------
Max: 0.1298
Min: 0.098
Average: 0.10176875