Time shown in milliseconds
11.6175
11.9345
11.6594
12.0886
13.4667
11.8338
11.9033
11.5991
11.2895
11.8377
12.1289
11.3899
11.7374
11.43
11.724
11.8181
11.483
11.3361
11.8425
11.9031
11.2621
11.655
11.5077
11.9432
11.7059
11.401
11.4488
13.1789
11.2916
11.388
11.5723
12.3816
12.3301
11.8324
11.9792
12.1151
11.4096
11.4374
11.614
12.0411
11.9693
11.7183
12.7508
11.6477
11.3249
11.9884
12.0629
12.0279
11.5827
12.8055
11.2831
11.3615
11.48
11.968
12.1629
12.08
11.9689
11.6604
11.5766
11.7075
12.7796
12.3137
12.0693
12.2303
12.4978
14.8883
11.3199
12.5734
11.4301
12.0406
12.8557
11.8787
11.9696
12.3131
11.3554
11.4108
12.5414
12.5147
13.1144
12.3153
---------- ---------- ----------
Max: 14.8883
Min: 11.2621
Average: 11.938218749999997