Time shown in milliseconds
70.8414
70.0505
70.3015
70.3486
70.5641
71.1734
71.1603
70.5012
71.2812
70.6616
70.6847
70.628
70.201
70.8541
74.4322
70.6573
70.3806
70.8713
68.8602
71.6869
69.8894
69.5063
68.9313
69.4948
70.0233
69.755
68.7318
68.7715
72.5869
68.826
73.5964
71.6213
68.7335
70.2915
71.3919
70.8308
69.1257
69.0579
69.1465
68.672
68.7796
68.775
70.9786
69.5125
68.5023
68.5096
68.9601
69.0411
71.5021
70.9545
70.4553
69.3662
68.502
68.6273
69.2283
68.6182
69.0214
71.5406
68.2692
68.4531
70.3998
67.8692
70.7032
68.8751
70.0337
71.8351
70.1477
67.3575
68.6764
68.2532
67.6926
68.02
70.2382
67.437
67.4446
68.5497
68.4801
71.2463
69.9077
67.3481
---------- ---------- ----------
Max: 74.4322
Min: 67.3481
Average: 69.79045124999999